1.000000 0.841471 0.540302
1.090909 0.887047 0.461679
1.181818 0.925297 0.379243
1.272727 0.955905 0.293675
1.363636 0.978619 0.205681
1.454545 0.993250 0.115989
1.545455 0.999679 0.025339
1.636364 0.997851 -0.065520
1.727273 0.987783 -0.155839
1.818182 0.969556 -0.244870
1.909091 0.943322 -0.331879
2.000000 0.909297 -0.416147
2.090909 0.867763 -0.496978
2.181818 0.819062 -0.573705
2.272727 0.763597 -0.645693
2.363636 0.701825 -0.712349
2.454545 0.634257 -0.773122
2.545455 0.561451 -0.827510
2.636364 0.484008 -0.875064
2.727273 0.402567 -0.915390
2.818182 0.317802 -0.948157
2.909091 0.230413 -0.973093
3.000000 0.141120 -0.989992
3.090909 0.050662 -0.998716
3.181818 -0.040215 -0.999191
3.272727 -0.130759 -0.991414
3.363636 -0.220224 -0.975449
3.454545 -0.307869 -0.951429
3.545455 -0.392972 -0.919550
3.636364 -0.474830 -0.880077
3.727273 -0.552766 -0.833336
3.818182 -0.626137 -0.779713
3.909091 -0.694337 -0.719650
4.000000 -0.756802 -0.653644
4.090909 -0.813018 -0.582239
4.181818 -0.862518 -0.506026
4.272727 -0.904896 -0.425633
4.363636 -0.939800 -0.341726
4.454545 -0.966942 -0.254996
4.545455 -0.986099 -0.166160
4.636364 -0.997111 -0.075952
4.727273 -0.999889 0.014883
4.818182 -0.994409 0.105596
4.909091 -0.980716 0.195436
5.000000 -0.958924 0.283662
5.090909 -0.929213 0.369546
5.181818 -0.891827 0.452377
5.272727 -0.847075 0.531473
5.363636 -0.795328 0.606179
5.454545 -0.737013 0.675879
5.545455 -0.672610 0.739997
5.636364 -0.602653 0.798003
5.727273 -0.527719 0.849419
5.818182 -0.448426 0.893820
5.909091 -0.365430 0.930839
6.000000 -0.279415 0.960170
6.090909 -0.191094 0.981572
6.181818 -0.101194 0.994867
6.272727 -0.010458 0.999945
6.363636 0.080364 0.996766
6.454545 0.170523 0.985354
6.545455 0.259273 0.965804
6.636364 0.345882 0.938278
6.727273 0.429634 0.903003
6.818182 0.509838 0.860270
6.909091 0.585831 0.810433
7.000000 0.656987 0.753902
7.090909 0.722716 0.691145
7.181818 0.782476 0.622680
7.272727 0.835775 0.549073
7.363636 0.882170 0.470931
7.454545 0.921280 0.388899
7.545455 0.952782 0.303656
7.636364 0.976415 0.215904
7.727273 0.991983 0.126370
7.818182 0.999359 0.035792
7.909091 0.998482 -0.055081
8.000000 0.989358 -0.145500
8.090909 0.972064 -0.234717
8.181818 0.946741 -0.321996
8.272727 0.913600 -0.406615
8.363636 0.872913 -0.487876
8.454545 0.825017 -0.565108
8.545455 0.770308 -0.637672
8.636364 0.709236 -0.704971
8.727273 0.642308 -0.766447
8.818182 0.570074 -0.821593
8.909091 0.493133 -0.869954
9.000000 0.412118 -0.911130
9.090909 0.327701 -0.944782
9.181818 0.240577 -0.970630
9.272727 0.151465 -0.988463
9.363636 0.061104 -0.998131
9.454545 -0.029763 -0.999557
9.545455 -0.120384 -0.992727
9.636364 -0.210010 -0.977699
9.727273 -0.297903 -0.954596
9.818182 -0.383334 -0.923610
9.909091 -0.465600 -0.884995
10.000000 -0.544021 -0.839072
